1111
3, 75, 47, 
16, 14, 79, 
20, 28, 33, 
16, 36, 35, 
31, 12, 21, 
2, 80, 43, 
6, 9, 61, 
81, 16, 11, 
58, 87, 9, 
72, 4, 84, 
87, 97, 67, 
65, 53, 36, 
6, 39, 79, 
24, 16, 5, 
86, 47, 57, 
25, 2, 46, 
97, 87, 23, 
53, 52, 43, 
37, 79, 87, 
54, 20, 20, 
6, 57, 94, 
93, 87, 49, 
35, 64, 5, 
46, 88, 77, 
17, 45, 91, 
88, 57, 31, 
38, 53, 78, 
76, 20, 68, 
19, 60, 11, 
36, 38, 1, 
60, 17, 51, 
89, 57, 36, 
18, 46, 21, 
68, 2, 59, 
21, 83, 75, 
32, 77, 63, 
80, 65, 17, 
14, 42, 79, 
17, 51, 71, 
31, 66, 25, 
98, 55, 99, 
76, 62, 38, 
94, 50, 77, 
72, 60, 36, 
91, 50, 56, 
70, 91, 27, 
94, 25, 21, 
39, 27, 90, 
97, 58, 54, 
81, 23, 33, 
94, 64, 12, 
8, 91, 61, 
4, 71, 27, 
31, 99, 71, 
10, 8, 41, 
4, 67, 42, 
57, 53, 32, 
15, 81, 77, 
24, 45, 80, 
71, 16, 28, 
0, 56, 52, 
71, 83, 45, 
6, 24, 12, 
1, 42, 79, 
17, 48, 84, 
11, 95, 16, 
96, 66, 84, 
90, 37, 96, 
68, 48, 24, 
79, 15, 38, 
69, 10, 30, 
66, 62, 67, 
36, 13, 94, 
36, 31, 51, 
61, 93, 15, 
34, 7, 58, 
38, 90, 46, 
52, 44, 51, 
36, 14, 61, 
31, 15, 28, 
13, 37, 98, 
0, 52, 11, 
49, 11, 54, 
52, 89, 55, 
48, 25, 31, 
46, 36, 93, 
53, 85, 93, 
78, 25, 6, 
67, 7, 0, 
39, 85, 18, 
46, 32, 51, 
46, 4, 94, 
10, 46, 97, 
65, 46, 35, 
74, 59, 20, 
36, 4, 14, 
48, 46, 48, 
76, 61, 77, 
68, 45, 38, 
58, 55, 89, 
67, 78, 67, 
2, 89, 33, 
66, 4, 57, 
39, 31, 27, 
76, 57, 45, 
77, 83, 11, 
96, 41, 77, 
76, 30, 39, 
13, 26, 13, 
49, 68, 68, 
8, 73, 80, 
94, 59, 15, 
14, 96, 83, 
62, 53, 2, 
65, 30, 99, 
78, 86, 93, 
76, 50, 87, 
6, 36, 31, 
21, 33, 62, 
46, 95, 37, 
55, 58, 11, 
50, 99, 23, 
39, 55, 70, 
29, 69, 55, 
97, 96, 89, 
46, 28, 86, 
89, 78, 79, 
37, 25, 63, 
68, 16, 60, 
4, 64, 0, 
82, 34, 59, 
15, 4, 2, 
45, 3, 49, 
42, 26, 19, 
51, 88, 98, 
88, 81, 15, 
30, 2, 90, 
50, 33, 90, 
62, 99, 34, 
31, 50, 78, 
28, 39, 97, 
29, 84, 71, 
59, 74, 16, 
39, 64, 6, 
15, 72, 21, 
36, 26, 95, 
48, 70, 53, 
85, 35, 14, 
73, 58, 64, 
17, 13, 37, 
92, 5, 50, 
32, 56, 69, 
40, 48, 78, 
53, 89, 84, 
12, 93, 96, 
94, 66, 66, 
2, 78, 91, 
95, 28, 14, 
46, 78, 42, 
41, 93, 35, 
13, 96, 33, 
56, 67, 26, 
7, 10, 51, 
87, 95, 22, 
27, 15, 28, 
98, 60, 55, 
84, 53, 9, 
62, 50, 86, 
13, 71, 84, 
30, 16, 13, 
21, 87, 75, 
67, 80, 18, 
49, 20, 4, 
49, 52, 38, 
63, 81, 78, 
5, 6, 90, 
58, 71, 63, 
63, 2, 46, 
98, 91, 58, 
46, 16, 47, 
89, 91, 34, 
14, 90, 4, 
0, 60, 34, 
33, 65, 59, 
60, 19, 61, 
43, 44, 82, 
84, 98, 64, 
56, 43, 22, 
36, 67, 96, 
63, 6, 58, 
99, 77, 69, 
96, 22, 71, 
69, 10, 13, 
91, 71, 88, 
91, 68, 41, 
69, 15, 22, 
1, 86, 6, 
81, 66, 64, 
11, 4, 87, 
85, 60, 55, 
59, 52, 65, 
11, 97, 68, 
95, 29, 97, 
67, 26, 21, 
58, 27, 10, 
56, 9, 41, 
23, 32, 85, 
88, 39, 56, 
69, 8, 24, 
56, 99, 59, 
57, 46, 43, 
89, 21, 24, 
75, 15, 82, 
84, 32, 15, 
17, 6, 17, 
98, 3, 36, 
26, 39, 65, 
72, 36, 2, 
11, 69, 59, 
19, 81, 75, 
48, 58, 84, 
76, 56, 50, 
80, 35, 9, 
17, 6, 32, 
55, 12, 71, 
44, 42, 19, 
45, 11, 70, 
23, 90, 47, 
90, 6, 7, 
27, 73, 47, 
91, 31, 74, 
50, 60, 14, 
88, 70, 29, 
73, 70, 21, 
77, 94, 58, 
32, 82, 17, 
55, 45, 1, 
13, 99, 37, 
90, 43, 83, 
85, 67, 98, 
96, 62, 98, 
11, 50, 7, 
26, 23, 37, 
4, 97, 12, 
25, 81, 67, 
53, 86, 9, 
50, 12, 14, 
95, 23, 71, 
59, 44, 28, 
91, 52, 59, 
54, 83, 26, 
89, 57, 40, 
82, 37, 17, 
95, 89, 91, 
51, 72, 8, 
51, 1, 53, 
93, 25, 18, 
30, 74, 34, 
58, 40, 73, 
29, 44, 63, 
63, 15, 93, 
69, 17, 4, 
64, 28, 75, 
51, 90, 50, 
43, 28, 68, 
15, 22, 56, 
99, 67, 25, 
81, 67, 18, 
87, 54, 75, 
36, 12, 65, 
52, 48, 13, 
50, 27, 12, 
63, 3, 20, 
58, 66, 31, 
93, 1, 79, 
27, 32, 51, 
31, 56, 0, 
62, 1, 36, 
53, 0, 73, 
91, 33, 40, 
70, 5, 38, 
9, 39, 93, 
29, 93, 46, 
70, 37, 94, 
89, 95, 65, 
60, 29, 56, 
66, 67, 31, 
82, 37, 34, 
60, 0, 39, 
45, 52, 80, 
85, 22, 50, 
96, 62, 22, 
67, 74, 59, 
55, 65, 72, 
62, 77, 14, 
96, 67, 29, 
37, 35, 35, 
60, 22, 4, 
33, 40, 24, 
67, 61, 63, 
8, 59, 3, 
21, 72, 1, 
61, 76, 31, 
29, 68, 2, 
27, 34, 20, 
26, 39, 58, 
86, 74, 67, 
71, 42, 40, 
0, 24, 33, 
63, 96, 54, 
32, 85, 89, 
38, 54, 30, 
72, 35, 74, 
66, 90, 0, 
97, 34, 30, 
32, 11, 37, 
66, 8, 67, 
22, 95, 89, 
68, 30, 57, 
15, 76, 19, 
60, 29, 4, 
76, 79, 62, 
58, 7, 2, 
67, 87, 72, 
71, 25, 13, 
44, 17, 26, 
38, 23, 25, 
11, 9, 61, 
13, 69, 0, 
27, 89, 89, 
23, 48, 51, 
48, 0, 54, 
26, 78, 96, 
7, 31, 89, 
21, 83, 4, 
86, 73, 88, 
12, 32, 81, 
34, 14, 0, 
5, 76, 65, 
79, 63, 77, 
89, 57, 26, 
87, 19, 87, 
89, 10, 43, 
8, 40, 74, 
73, 9, 74, 
62, 12, 61, 
56, 48, 23, 
53, 61, 37, 
96, 9, 70, 
10, 7, 3, 
92, 67, 47, 
37, 92, 99, 
31, 5, 10, 
80, 40, 2, 
81, 53, 61, 
90, 18, 89, 
55, 3, 67, 
38, 74, 75, 
38, 41, 31, 
15, 46, 36, 
80, 12, 96, 
97, 56, 15, 
58, 45, 68, 
51, 44, 17, 
30, 22, 8, 
79, 76, 46, 
96, 20, 21, 
99, 1, 29, 
69, 8, 11, 
68, 83, 89, 
94, 88, 38, 
68, 23, 48, 
37, 80, 43, 
44, 24, 61, 
79, 12, 26, 
26, 92, 84, 
48, 47, 97, 
56, 66, 43, 
11, 89, 32, 
77, 25, 17, 
8, 49, 68, 
64, 86, 13, 
64, 75, 80, 
92, 32, 44, 
80, 55, 78, 
37, 66, 47, 
70, 97, 54, 
14, 45, 76, 
46, 57, 41, 
83, 0, 65, 
95, 1, 34, 
73, 48, 20, 
45, 48, 80, 
78, 39, 79, 
28, 89, 64, 
41, 10, 77, 
60, 48, 30, 
69, 59, 23, 
75, 37, 49, 
42, 22, 34, 
23, 6, 10, 
38, 17, 82, 
1, 6, 50, 
88, 10, 6, 
33, 72, 28, 
84, 21, 78, 
50, 59, 83, 
71, 19, 84, 
38, 33, 27, 
74, 91, 98, 
79, 27, 70, 
54, 34, 67, 
49, 64, 88, 
4, 52, 75, 
99, 82, 81, 
9, 84, 96, 
41, 47, 19, 
55, 6, 54, 
10, 87, 14, 
94, 83, 99, 
60, 93, 95, 
8, 26, 14, 
70, 97, 51, 
10, 25, 90, 
17, 63, 31, 
74, 1, 60, 
71, 85, 34, 
48, 4, 18, 
35, 6, 30, 
49, 33, 72, 
32, 72, 73, 
2, 75, 55, 
89, 14, 98, 
86, 77, 82, 
19, 98, 96, 
98, 33, 98, 
12, 66, 93, 
76, 90, 69, 
74, 42, 73, 
75, 32, 38, 
82, 56, 4, 
62, 44, 35, 
46, 36, 9, 
34, 71, 1, 
80, 78, 34, 
94, 53, 10, 
37, 11, 26, 
71, 39, 16, 
83, 82, 32, 
38, 24, 9, 
59, 83, 69, 
86, 3, 84, 
90, 2, 65, 
49, 48, 74, 
13, 90, 81, 
99, 59, 37, 
67, 15, 84, 
16, 27, 90, 
93, 53, 99, 
46, 27, 87, 
56, 95, 80, 
7, 14, 22, 
73, 30, 92, 
56, 8, 88, 
88, 85, 59, 
10, 30, 49, 
42, 48, 36, 
19, 90, 30, 
27, 9, 26, 
60, 12, 75, 
79, 55, 37, 
55, 18, 94, 
21, 43, 97, 
37, 96, 13, 
42, 40, 56, 
40, 82, 96, 
45, 36, 50, 
10, 39, 76, 
42, 44, 6, 
46, 3, 71, 
41, 67, 47, 
49, 67, 47, 
22, 24, 10, 
83, 35, 20, 
80, 28, 60, 
22, 64, 99, 
66, 64, 9, 
36, 44, 63, 
69, 32, 69, 
98, 8, 58, 
44, 85, 86, 
7, 68, 58, 
10, 68, 64, 
6, 49, 96, 
20, 7, 23, 
31, 45, 9, 
4, 74, 62, 
7, 1, 96, 
43, 83, 0, 
81, 74, 72, 
45, 41, 92, 
91, 99, 34, 
17, 44, 67, 
82, 7, 7, 
90, 87, 92, 
3, 1, 44, 
2, 9, 84, 
97, 2, 92, 
71, 33, 88, 
35, 93, 39, 
34, 95, 94, 
22, 51, 11, 
80, 74, 43, 
85, 64, 24, 
72, 60, 65, 
16, 98, 23, 
89, 36, 62, 
86, 64, 51, 
23, 3, 30, 
99, 11, 46, 
56, 76, 1, 
38, 93, 3, 
78, 56, 13, 
5, 1, 98, 
0, 70, 55, 
23, 94, 59, 
63, 29, 75, 
14, 37, 16, 
10, 69, 0, 
58, 86, 35, 
40, 78, 15, 
66, 53, 19, 
18, 25, 71, 
26, 25, 32, 
90, 66, 48, 
34, 46, 94, 
55, 70, 95, 
28, 97, 1, 
85, 64, 64, 
55, 20, 31, 
86, 40, 2, 
29, 95, 93, 
1, 45, 8, 
31, 58, 35, 
52, 95, 98, 
58, 49, 59, 
17, 59, 49, 
68, 4, 26, 
77, 60, 47, 
76, 58, 10, 
14, 93, 26, 
31, 43, 66, 
81, 91, 89, 
41, 49, 61, 
84, 68, 22, 
75, 45, 36, 
15, 26, 74, 
47, 49, 29, 
85, 91, 25, 
51, 70, 76, 
55, 97, 43, 
52, 7, 4, 
71, 26, 21, 
4, 33, 81, 
85, 70, 74, 
69, 61, 24, 
65, 22, 29, 
43, 91, 68, 
47, 36, 79, 
31, 23, 25, 
94, 65, 73, 
57, 78, 84, 
98, 74, 55, 
28, 15, 55, 
66, 32, 99, 
3, 18, 35, 
11, 1, 4, 
10, 81, 5, 
68, 84, 18, 
81, 36, 47, 
52, 87, 55, 
61, 50, 38, 
3, 93, 68, 
54, 58, 3, 
50, 37, 59, 
29, 77, 96, 
31, 72, 6, 
7, 18, 87, 
93, 36, 63, 
70, 64, 61, 
23, 5, 67, 
36, 50, 97, 
75, 91, 14, 
19, 96, 76, 
4, 5, 4, 
86, 0, 10, 
73, 44, 57, 
6, 92, 17, 
73, 8, 58, 
13, 34, 82, 
67, 16, 77, 
42, 26, 97, 
38, 58, 92, 
80, 52, 35, 
25, 63, 14, 
33, 35, 45, 
18, 6, 44, 
96, 5, 11, 
42, 80, 83, 
95, 72, 8, 
64, 95, 64, 
93, 88, 91, 
19, 45, 71, 
7, 97, 74, 
68, 75, 2, 
63, 3, 98, 
24, 62, 56, 
49, 53, 95, 
38, 77, 75, 
52, 71, 67, 
35, 45, 66, 
67, 47, 77, 
51, 14, 11, 
53, 98, 91, 
74, 17, 90, 
77, 44, 17, 
11, 2, 71, 
30, 66, 39, 
30, 37, 88, 
74, 5, 96, 
74, 8, 82, 
74, 11, 33, 
92, 63, 10, 
12, 34, 49, 
62, 76, 58, 
56, 95, 7, 
75, 85, 78, 
88, 63, 13, 
80, 4, 9, 
16, 12, 92, 
26, 80, 39, 
38, 87, 6, 
35, 49, 94, 
20, 86, 46, 
56, 48, 67, 
5, 38, 16, 
2, 67, 51, 
22, 69, 20, 
42, 14, 43, 
8, 28, 42, 
92, 66, 87, 
85, 22, 5, 
92, 3, 34, 
83, 6, 56, 
10, 47, 85, 
94, 45, 5, 
90, 65, 7, 
55, 63, 37, 
43, 6, 66, 
82, 42, 79, 
61, 51, 11, 
48, 56, 63, 
95, 26, 74, 
21, 33, 55, 
97, 54, 26, 
6, 92, 53, 
25, 54, 10, 
38, 19, 5, 
13, 65, 25, 
75, 80, 0, 
74, 45, 49, 
8, 42, 6, 
57, 37, 71, 
47, 49, 42, 
19, 65, 89, 
3, 54, 85, 
59, 14, 94, 
11, 14, 47, 
61, 12, 63, 
31, 62, 65, 
52, 65, 85, 
31, 7, 97, 
23, 24, 98, 
8, 45, 81, 
36, 67, 37, 
30, 90, 34, 
31, 43, 0, 
24, 37, 16, 
33, 49, 61, 
72, 18, 51, 
66, 37, 1, 
9, 65, 95, 
53, 25, 49, 
66, 6, 15, 
53, 76, 89, 
26, 97, 80, 
98, 20, 33, 
72, 31, 89, 
65, 25, 61, 
36, 99, 81, 
18, 64, 9, 
63, 65, 7, 
78, 94, 5, 
92, 49, 80, 
30, 75, 44, 
41, 98, 3, 
70, 64, 59, 
36, 46, 60, 
10, 69, 50, 
46, 68, 75, 
60, 99, 38, 
66, 28, 0, 
70, 8, 38, 
53, 84, 92, 
5, 98, 70, 
40, 45, 22, 
60, 74, 85, 
79, 71, 76, 
31, 92, 17, 
28, 0, 83, 
43, 47, 54, 
92, 14, 50, 
82, 61, 35, 
67, 26, 18, 
2, 71, 64, 
82, 41, 96, 
93, 3, 70, 
4, 3, 44, 
84, 66, 73, 
4, 77, 28, 
89, 53, 55, 
69, 70, 94, 
84, 31, 99, 
2, 52, 69, 
35, 3, 97, 
55, 7, 74, 
47, 46, 29, 
63, 15, 14, 
98, 94, 8, 
41, 38, 11, 
48, 73, 98, 
48, 0, 81, 
71, 97, 11, 
60, 85, 13, 
29, 86, 67, 
2, 3, 28, 
37, 69, 33, 
90, 37, 75, 
58, 99, 74, 
27, 51, 35, 
82, 13, 55, 
83, 32, 18, 
42, 19, 49, 
89, 56, 48, 
26, 98, 12, 
12, 37, 84, 
40, 90, 79, 
52, 83, 0, 
91, 80, 3, 
35, 89, 21, 
96, 62, 53, 
14, 45, 39, 
5, 72, 20, 
59, 24, 62, 
3, 53, 80, 
17, 15, 67, 
90, 53, 69, 
78, 87, 59, 
97, 62, 54, 
45, 63, 86, 
46, 96, 46, 
72, 53, 59, 
16, 19, 38, 
42, 94, 85, 
11, 23, 30, 
18, 72, 5, 
9, 72, 26, 
42, 54, 20, 
62, 55, 40, 
86, 45, 5, 
15, 21, 88, 
50, 57, 53, 
40, 24, 82, 
20, 60, 65, 
23, 18, 34, 
16, 91, 84, 
2, 44, 52, 
0, 68, 66, 
96, 15, 17, 
11, 37, 35, 
69, 22, 53, 
66, 56, 59, 
77, 53, 61, 
38, 74, 38, 
45, 62, 76, 
97, 3, 81, 
33, 22, 5, 
15, 35, 34, 
6, 7, 50, 
43, 76, 40, 
77, 10, 1, 
67, 77, 73, 
2, 98, 61, 
77, 82, 75, 
60, 59, 85, 
0, 44, 73, 
64, 85, 92, 
35, 36, 47, 
89, 38, 33, 
59, 96, 54, 
2, 82, 44, 
91, 97, 44, 
58, 57, 64, 
90, 16, 96, 
86, 81, 5, 
28, 90, 40, 
4, 1, 2, 
21, 9, 99, 
63, 38, 74, 
38, 48, 57, 
39, 16, 84, 
2, 72, 5, 
27, 61, 61, 
38, 37, 35, 
53, 65, 33, 
73, 23, 5, 
76, 30, 42, 
59, 78, 64, 
76, 88, 75, 
63, 70, 88, 
34, 97, 14, 
46, 22, 21, 
57, 80, 63, 
92, 54, 37, 
20, 29, 86, 
46, 72, 26, 
5, 2, 30, 
95, 37, 61, 
7, 55, 70, 
67, 15, 35, 
53, 80, 4, 
1, 73, 51, 
62, 1, 99, 
48, 0, 76, 
89, 26, 85, 
6, 90, 29, 
43, 80, 27, 
83, 84, 6, 
37, 57, 34, 
24, 81, 84, 
89, 16, 32, 
48, 62, 91, 
16, 57, 50, 
56, 94, 76, 
27, 74, 98, 
65, 82, 52, 
40, 15, 78, 
35, 13, 67, 
39, 11, 53, 
65, 91, 1, 
86, 43, 81, 
45, 17, 23, 
63, 46, 91, 
6, 10, 38, 
39, 38, 87, 
80, 97, 34, 
64, 62, 46, 
40, 27, 20, 
3, 60, 7, 
70, 67, 9, 
65, 10, 73, 
31, 52, 38, 
13, 8, 60, 
11, 62, 0, 
75, 78, 60, 
40, 81, 13, 
51, 96, 26, 
41, 47, 71, 
41, 58, 53, 
84, 39, 88, 
54, 15, 72, 
65, 15, 57, 
34, 92, 29, 
8, 24, 52, 
45, 53, 48, 
56, 51, 27, 
36, 89, 6, 
4, 38, 72, 
47, 86, 18, 
66, 35, 52, 
60, 48, 90, 
45, 82, 48, 
66, 18, 30, 
78, 35, 67, 
56, 39, 0, 
69, 42, 24, 
70, 79, 1, 
17, 56, 30, 
76, 19, 54, 
95, 19, 90, 
70, 27, 1, 
11, 19, 1, 
56, 67, 96, 
59, 57, 48, 
37, 96, 7, 
64, 8, 10, 
77, 51, 79, 
80, 84, 36, 
47, 66, 57, 
22, 36, 43, 
27, 73, 24, 
95, 71, 16, 
82, 81, 81, 
20, 91, 19, 
34, 67, 38, 
45, 26, 82, 
59, 82, 12, 
47, 65, 17, 
80, 10, 73, 
24, 5, 34, 
98, 82, 50, 
80, 18, 58, 
82, 47, 49, 
58, 30, 41, 
85, 17, 22, 
6, 37, 32, 
49, 41, 31, 
19, 48, 71, 
51, 47, 45, 
36, 9, 99, 
19, 50, 6, 
32, 54, 45, 
53, 73, 89, 
64, 29, 7, 
74, 22, 29, 
60, 24, 53, 
72, 79, 67, 
85, 82, 35, 
92, 20, 27, 
31, 25, 1, 
78, 76, 71, 
79, 29, 17, 
60, 91, 75, 
84, 52, 44, 
58, 42, 67, 
45, 54, 9, 
81, 36, 42, 
75, 32, 91, 
54, 67, 29, 
44, 80, 62, 
53, 89, 90, 
96, 75, 39, 
32, 60, 15, 
6, 86, 87, 
8, 70, 41, 
41, 25, 28, 
42, 12, 13, 
0, 79, 51, 
53, 22, 33, 
6, 11, 98, 
62, 43, 60, 
12, 0, 44, 
48, 96, 13, 
94, 21, 71, 
96, 66, 1, 
38, 12, 89, 
85, 78, 92, 
37, 7, 64, 
15, 70, 62, 
74, 61, 94, 
37, 19, 25, 
9, 60, 11, 
44, 67, 89, 
94, 38, 83, 
6, 28, 39, 
56, 46, 57, 
73, 74, 79, 
36, 48, 36, 
96, 93, 14, 
31, 46, 39, 
25, 93, 43, 
18, 53, 31, 
61, 53, 46, 
28, 96, 83, 
69, 63, 87, 
84, 26, 78, 
68, 46, 58, 
88, 58, 65, 
6, 48, 83, 
62, 4, 7, 
22, 2, 92, 
52, 6, 23, 
30, 86, 64, 
35, 6, 10, 
45, 65, 36, 
74, 76, 68, 
49, 44, 31, 
1, 23, 99, 
25, 10, 2, 
49, 27, 13, 
6, 58, 43, 
16, 75, 14, 
34, 72, 18, 
89, 48, 44, 
82, 85, 16, 
97, 55, 36, 
10, 20, 82, 
42, 67, 65, 
42, 5, 72, 
84, 42, 81, 
20, 69, 68, 
49, 68, 0, 
50, 90, 36, 
59, 43, 83, 
44, 28, 68, 
8, 22, 82, 
87, 24, 29, 
63, 40, 77, 
63, 13, 46, 
65, 23, 41, 
36, 4, 86, 
33, 9, 47, 
15, 24, 85, 
35, 52, 4, 
13, 82, 71, 
7, 76, 9, 
53, 82, 18, 
19, 46, 86, 
85, 93, 53, 
43, 39, 31, 
21, 35, 68, 
53, 12, 27, 
44, 61, 47, 
88, 7, 88, 
22, 21, 15, 
84, 70, 11, 
69, 61, 52, 
21, 32, 62, 
4, 81, 75, 
82, 49, 50, 
25, 6, 74, 
39, 77, 69, 
66, 44, 95, 
59, 25, 40, 
33, 98, 59, 
19, 74, 3, 
80, 89, 29, 
7, 76, 23, 
49, 81, 75, 
84, 48, 11, 
4, 62, 16, 
91, 83, 10, 
57, 4, 61, 
73, 80, 96, 
99, 44, 63, 
53, 26, 11, 
50, 83, 29, 
6, 58, 68, 
92, 44, 28, 
59, 27, 51, 
33, 25, 54, 
71, 55, 69, 
75, 86, 86, 
9, 52, 68, 
96, 53, 55, 
45, 85, 80, 
27, 4, 75, 
89, 82, 72, 
45, 72, 44, 
72, 31, 40, 
57, 86, 45, 
3, 5, 1, 
59, 20, 11, 
85, 93, 85, 
7, 19, 34, 
38, 69, 5, 
39, 84, 79, 
5, 17, 80, 
22, 17, 30, 
82, 24, 27, 
52, 94, 56, 
10, 50, 70, 
83, 80, 48, 
14, 5, 45, 
65, 35, 7, 
77, 64, 41, 
12, 1, 52, 
8, 77, 92, 
43, 69, 1, 
47, 77, 74, 
1, 29, 60, 
74, 76, 53, 
70, 22, 87, 
61, 42, 9, 
7, 48, 40, 
68, 75, 29, 
52, 21, 48, 
58, 73, 0, 
93, 68, 63, 
60, 64, 60, 
29, 65, 86, 
62, 22, 31, 
98, 36, 10, 
98, 97, 2, 
33, 89, 24, 
97, 8, 39, 
79, 93, 71, 
84, 41, 86, 
34, 22, 80, 
72, 19, 16, 
14, 27, 59, 
