Case 1
97302  48651
97230  48615
97062  48531
97032  48516
97026  48513
96702  48351
96270  48135
93702  46851
92370  46185
90762  45381
90372  45186
90276  45138
76902  38451
76290  38145
70962  35481
70296  35148
69702  34851
65814  32907
65418  32709
64158  32079
62970  31485
61854  30927
61584  30792
61458  30729
58614  29307
58146  29073
58134  29067
54618  27309
54186  27093
54138  27069
53814  26907
53418  26709
46158  23079
41586  20793
41538  20769
41358  20679
37290  18645
37092  18546
32970  16485
30972  15486
29730  14865
29706  14853
29670  14835
29370  14685
29076  14538
27690  13845
27096  13548
26970  13485
18654  09327
18546  09273
18534  09267
15864  07932
15846  07923
15384  07692
14658  07329
14586  07293
14538  07269
13854  06927
13584  06792
13458  06729
Case 2
96174  32058
91746  30582
69174  23058
61749  20583
53082  17694
50382  16794
17496  05832
17469  05823
Case 3
94860  23715
94068  23517
86940  21735
81756  20439
81576  20394
69408  17352
68940  17235
60948  15237
31824  07956
23184  05796
17568  04392
15768  03942
Case 4
93270  18654
92730  18546
92670  18534
79320  15864
79230  15846
76920  15384
73290  14658
72930  14586
72690  14538
69270  13854
67920  13584
67290  13458
48615  09723
48135  09627
46185  09237
38145  07629
31485  06297
18645  03729
16485  03297
14865  02973
14835  02967
14685  02937
13845  02769
13485  02697
Case 5
34182  05697
27918  04653
17658  02943
Case 6
98532  14076
53298  07614
41832  05976
37926  05418
36918  05274
31689  04527
18459  02637
16758  02394
Case 7
98760  12345
98456  12307
96584  12073
87632  10954
87624  10953
87536  10942
87456  10932
86352  10794
85936  10742
85432  10679
85392  10674
84736  10592
84632  10579
84296  10537
83752  10469
83672  10459
76328  09541
76248  09531
76184  09523
75368  09421
75328  09416
74816  09352
74568  09321
74528  09316
73456  09182
73264  09158
73248  09156
71632  08954
71624  08953
71536  08942
71456  08932
67512  08439
67352  08419
67152  08394
65432  08179
65392  08174
63528  07941
63152  07894
59368  07421
59328  07416
58912  07364
58496  07312
56984  07123
54712  06839
54328  06791
54312  06789
53928  06741
51832  06479
47368  05921
47328  05916
47136  05892
46712  05839
46328  05791
46312  05789
42968  05371
41896  05237
38152  04769
37528  04691
37512  04689
36728  04591
36712  04589
25496  03187
Case 8
97524  10836
95823  10647
95742  10638
75249  08361
58239  06471
57429  06381
Case 9
Case 10
Case 11
91584  07632
89532  07461
73548  06129
45792  03816
Case 12
94653  07281
81549  06273
67392  05184
Case 13
65982  04713
61572  04398
54768  03912
51492  03678
46158  03297
41538  02967
27384  01956
25746  01839
Case 14
92745  06183
27945  01863
Case 15
98352  06147
73296  04581
45936  02871
Case 16
93126  05478
92871  05463
92837  05461
91426  05378
89641  05273
89471  05263
89437  05261
83657  04921
83572  04916
81532  04796
78591  04623
78523  04619
78132  04596
76891  04523
76823  04519
67218  03954
67184  03952
65297  03841
64957  03821
59126  03478
54689  03217
45781  02693
45713  02689
36958  02174
29546  01738
28543  01679
26843  01579
Case 17
28674  01593
Case 18
81567  04293
51984  02736
Case 19
Case 20
Case 21
51678  02349
Case 22
81972  03564
81627  03549
36294  01578
Case 23
46872  01953
39528  01647
Case 24
Case 25
92846  03571
89726  03451
82654  03179
76518  02943
67418  02593
67314  02589
61854  02379
56498  02173
42978  01653
Case 26
96714  03582
69741  02583
49572  01836
39852  01476
Case 27
75348  02691
Case 28
73689  02541
37584  01296
Case 29
Case 30
Case 31
75168  02349
Case 32
Case 33
Case 34
93485  02671
74865  02139
64295  01837
63945  01827
48265  01379
Case 35
Case 36
65934  01782
Case 37
74328  01956
65892  01734
Case 38
Case 39
Case 40
Case 41
Case 42
93654  02178
Case 43
95348  02167
69432  01578
67892  01543
59268  01347
58476  01329
Case 44
Case 45
58374  01269
Case 46
Case 47
Case 48
Case 49
Case 50
Case 51
95472  01836
Case 52
92538  01746
84376  01592
75896  01432
65879  01243
Case 53
Case 54
Case 55
Case 56
Case 57
Case 58
73986  01254
Case 59
Case 60
Case 61
94736  01528
79546  01283
Case 62
Case 63
Case 64
Case 65
83754  01269
Case 66
Case 67
98736  01452
Case 68
Case 69
Case 70
Case 71
Case 72
Case 73
Case 74
Case 75
Case 76
Case 77
